x y
0.0 0.0
4.688521376669015e-05 0.002953182825823581
0.0008914733629668167 0.0059501400067976246
0.002533685024121406 0.008988144088921847
0.004972190360724877 0.012063312928984474
0.008204401418856217 0.015170644813948937
0.012226464075451861 0.01830406758321982
0.017033249953329808 0.02145650098601832
0.022618348686939724 0.024619931305809716
0.028974060980614648 0.027785497101677818
0.036091392944920246 0.0309435847560882
0.04396005222509201 0.03408393238254612
0.052568446447564705 0.037195740537675305
0.061903684505823266 0.040267788102133044
0.07195158118535507 0.04328855164486174
0.08269666559003472 0.0462463265661862
0.09412219377998633 0.04912934832729207
0.10621016596551067 0.05192591211612838
0.11894134852509192 0.054624489371595565
0.13229530103023307 0.057213839687230095
0.14625040836858974 0.0596831167401186
0.1607839179624303 0.06202196703757299
0.17587198198477655 0.06422062043980492
0.19148970438357463 0.06626997159767847
0.20761119243769235 0.06816165163649582
0.2242096124899881 0.06988808961535271
0.2412572494344114 0.07144256349242899
0.2587255694779273 0.07281924052516124
0.27658528565545365 0.07401320722617863
0.2948064255478664 0.07502048917694379
0.3133584006399107 0.0758380611673116
0.33221007675642644 0.07646384827717023
0.3513298450310413 0.07689671864292326
0.3706856928903114 0.07713646875434113
0.3902452745766548 0.07718380220441687
0.4099759807834446 0.07704030286515702
0.42984500703312023 0.07670840348528704
0.4498194204917581 0.07619135070194255
0.4698662249787663 0.07549316742856094
0.48995242399572203 0.07461861352707622
0.5100450816615267 0.07357314559648023
0.5301113814997918 0.07236287661474272
0.5501186830767941 0.07099453606035053
0.5700345765328912 0.0694754310170867
0.5898269350857654 0.06781340863513993
0.609463965609561 0.06601682018737576
0.6289142574095781 0.06409448682580585
0.6481468293178457 0.06205566701404647
0.6671311752312077 0.0599100254907345
0.6858373082014654 0.057667603510017526
0.7042358031679468 0.055338790011469255
0.7222978383981531 0.05293429329571384
0.739995235673632 0.05046511272570431
0.7573004992277852 0.04794250993839756
0.7741868534118002 0.04537797903825233
0.7906282790361007 0.0427832152526348
0.8065995483093018 0.040170081559288674
0.822076258276048 0.03755057284632412
0.8370348626404875 0.03493677723394918
0.8514527018543279 0.0323408342721328
0.8653080313479079 0.02977488982685349
0.8785800477896428 0.027251047576493603
0.8912489132733225 0.024781317155979588
0.9032957773534535 0.022377559105977184
0.9147027968752851 0.020051426904304996
0.9254531535771392 0.017814306473234277
0.9355310694768368 0.015677253666156205
0.9449218200898347 0.013650930337075502
0.9536117455625662 0.01174553968369554
0.9615882598388106 0.00997076162703181
0.9688398580081448 0.008335689045473379
0.975356122012248 0.006848765717438853
0.9811277249057919 0.005517726843166062
0.9861464338828856 0.00434954301217886
0.9904051122868144 0.0033503684585727955
0.9938977208197393 0.0025254944019412473
0.9966193181600107 0.0018793082085206577
0.9985660611780508 0.0014152590264492322
0.9997352049179276 0.0011358304527844733
1.0001251024816493 0.0010425206804112498
0.9998748975183507 -0.0010425206804112498
0.9994741923093742 -0.0010409956232253351
0.998272777836645 -0.0010365192845392397
0.9962727555419626 -0.0010293884097329427
0.9934776211165943 -0.0010200983537747444
0.9898922545178218 -0.0010093441004189931
0.9855229061575244 -0.000998021394652811
0.9803771794216287 -0.0009872277059069976
0.9744640097155348 -0.0009782626755618124
0.9677936402605831 -0.0009726276502202767
0.9603775948893962 -0.0009720238641145913
0.952228648102957 -0.0009783488114621557
0.9433607926592972 -0.0009936903438209545
0.9337892049627456 -0.0010203180392588766
0.9235302085142248 -0.001060671419711657
0.9126012356677723 -0.001117344640025256
0.9010207879173114 -0.0011930673361148243
0.8888083949118898 -0.001290681399169125
0.8759845723685875 -0.0014131135361656801
0.8625707790215863 -0.0015633435819480991
0.8485893727150973 -0.0017443686421806728
0.8340635657185493 -0.00195916326670734
0.819017379316172 -0.0022106359759976116
0.8034755977012225 -0.0025015825860744273
0.7874637211887477 -0.00283463689607278
0.7710079187508674 -0.0032122194138625125
0.7541349798756369 -0.0036364848955423752
0.7368722657548742 -0.004109269560824278
0.7192476598177588 -0.00463203891539813
0.7012895176450471 -0.005205837160698147
0.6830266163225426 -0.005831239198932716
0.6644881033208603 -0.006508306245178147
0.6457034450200753 -0.0072365460377547645
0.6267023750308969 -0.008014878592618385
0.607514842496757 -0.00884160837741007
0.5881709605917849 -0.009714403687078103
0.5687009554561769 -0.010630283887264082
0.5491351158312676 -0.011585615056211453
0.5295037436700283 -0.012576114403683527
0.5098371060035434 -0.013596863679661179
0.49016538833920786 -0.014642331610257166
0.4705186498514138 -0.015706405217501735
0.4509267806001804 -0.01678242969780347
0.4314194609778117 -0.017863256355464426
0.4120261235390051 -0.018941297917095187
0.3927759173170272 -0.02000859039445118
0.3736976746692139 -0.021056860521153666
0.3548198806310378 -0.022077597666631536
0.3361706446915058 -0.023062129031613865
0.31777767483608144 -0.02400169685622677
0.29966825363913974 -0.024887536326172677
0.2818692161286344 -0.025710952845862903
0.2644069290935667 -0.026463397360281218
0.24730727146216658 -0.027136538449573797
0.23059561534734424 -0.0277223299909629
0.21429680733745934 -0.02821307327993378
0.198435149605901 -0.02860147262446424
0.1830343804230034 -0.02888068356947841
0.16811765367853293 -0.029044353070331146
0.1537075170619849 -0.029086651110166496
0.13982588860027284 -0.02900229344232469
0.12649403131667797 -0.02878655533126761
0.1137325258492772 -0.028435276359317925
0.10156124094924888 -0.027944856557429704
0.089999301866908 -0.027312244301906444
0.079065056723281 -0.026534916591339105
0.06877604105459424 -0.02561085247523571
0.0591489408033034 -0.024538500544420756
0.050199554109384835 -0.023316741510312714
0.04194275232687306 -0.021944846993170963
0.03439244075065747 -0.02042243570642472
0.027561519585277597 -0.018749428263932666
0.021461845719249775 -0.016926001848759233
0.01610419588413808 -0.01495254596569378
0.011498231776507589 -0.012829620455795145
0.007652467702941762 -0.010557916880817949
0.004574241273905184 -0.008138224290134147
0.002269687622337351 -0.005571400264887625
0.0007437175589314667 -0.0028583479962644535
0.0 0.0
